tree
version=v4
num_class=1
num_tree_per_iteration=1
label_index=0
max_feature_idx=46
objective=binary sigmoid:1
feature_names=applicant_age dependents years_at_current_job annual_income other_income credit_score num_existing_loans num_defaults_last_5y num_credit_inquiries credit_utilization_pct loan_amount interest_rate bank_balance monthly_expenses existing_emi savings_balance property_value has_co_applicant app_year app_month app_day_of_week app_quarter app_days_since_ref loan_term_months debt_to_income loan_to_income total_income monthly_surplus loan_to_value income_per_dependent has_other_income savings_to_loan balance_to_expenses total_debt_exposure credit_score_bin age_bin payment_per_month payment_burden education_ordinal gender_encoded marital_status_encoded employment_type_encoded loan_purpose_encoded property_type_encoded application_channel_encoded city_encoded state_encoded
feature_infos=[18.000050000000002:95.707809999999995] [0:5] [0:49.299999999999997] [371.45015999999998:1055286.5] [0:343979.20000000001] [336.61853000000002:849.97069999999997] [0:12] [0:10] [0:13] [0.059385176999999997:100] [205.94211000000001:1763182.5] [3:25] [-500:4746219] [119.48311:27646.998] [0:25887.048999999999] [0.73905474000000004:17367192] [5129.817:5567656] [0:1] [2020:2024] [1:12] [0:6] [1:4] [0:1799] [12:360] [0:84.695366000000007] [0.0014787742:531.73080000000004] [371.45015999999998:1055286.5] [-23226.355:84425.550000000003] [0.00025213470000000002:75.981750000000005] [92.862539999999996:863612.40000000002] [0:1] [1.6046943000000001e-05:2533.3063999999999] [-2.0629423:13882.573] [298.92669999999998:8103042] [0:4] [0:5] [0.57206140000000005:111051.3] [5.1456809999999999e-05:156.29834] [0:4] [0:1] [0:4] [0:6] [0:8] [0:3] [0:2] [0:21] [0:19]
tree_sizes=13656

Tree=0
num_leaves=127
num_cat=0
split_feature=5 3 3 5 5 5 5 3 3 3 3 5 3 3 5 5 5 5 5 3 3 5 5 5 3 3 5 5 5 3 5 5 5 3 5 5 5 5 5 5 5 5 3 5 5 3 3 3 5 34 3 5 5 5 5 3 26 5 3 3 3 3 5 5 5 5 5 3 5 5 3 3 3 3 5 5 5 5 3 5 26 3 5 3 3 3 5 3 5 3 5 3 3 3 3 26 27 5 5 5 5 3 5 3 5 5 3 5 5 5 5 3 3 24 3 5 5 5 0 31 31 26 29 3 13 26
split_gain=1.39024e+06 460761 251594 115642 83328.7 70399.6 69372.2 40365.6 27477.2 24814 18224.1 16672.5 13220.7 11907.6 11187.9 8406.18 19819.6 7089.68 5647.52 5397.14 5239.4 5001.17 4447.36 7647.86 4372.07 3956.6 3804.79 3557.76 3453.12 3389.13 3320.9 2914.13 2392.04 2366.56 2220.29 2190.33 4908.3 2106.31 2040.41 1830.85 1725.81 2844.41 1725.16 1662.63 1454.34 1390.31 1317.86 1260.63 1249.18 1192.98 1097.92 1031.1 994.716 2111.87 972.055 943.519 914.97 894.378 868.486 683.646 657.834 650.27 631.618 563.251 541.958 520.105 495.019 486.8 482.861 470.862 466.778 445.953 429.958 426.792 410.573 391.446 365.321 331.452 331.253 325.455 320.602 319.582 309.604 281.373 279.777 266.06 251.325 245.719 244.912 238.552 624.679 230.235 227.442 225.378 218.275 199.905 194.516 190.362 183.433 169.246 162.325 154.382 150.471 147.846 145.369 135.544 125.657 119.383 117.137 116.192 113.627 111.423 109.463 109.341 107.506 103.146 102.643 102.264 82.467 79.2803 76.7028 73.0932 70.725 69.4314 69.0147 56.4729
threshold=680.7502750000001 52358.713500000005 51282.836000000003 604.98641500000019 602.53182000000004 728.80804500000011 716.33780000000013 30887.062500000004 30608.383000000005 31156.428500000005 65778.630000000019 542.37905000000012 62774.7425 67291.150000000009 556.88537000000008 678.36815000000013 641.93783500000006 678.40997000000004 704.72967000000006 41364.437500000007 18078.200500000003 698.91660000000013 628.30420000000015 678.36815000000013 32796.337500000001 20020.045000000002 678.40997000000004 572.2593250000001 656.96102500000018 19381.015000000003 740.83820000000014 661.81337500000006 726.08356000000015 65267.363000000005 498.81016500000004 678.36815000000013 650.43315000000018 678.40997000000004 706.27785000000006 623.4738000000001 632.06715000000008 678.36815000000013 48119.195500000009 514.72751500000015 693.98773000000017 37840.996000000006 30332.116000000005 42289.558500000006 698.08062000000007 2.5000000000000004 62290.474500000004 742.97135000000014 632.06715000000008 678.36815000000013 627.32570000000021 9623.7595000000019 21542.165000000005 745.1650350000001 23664.344000000001 57513.338000000011 59687.795000000006 72332.070000000022 586.15335000000016 709.54621500000019 689.31810000000007 466.04538000000008 692.45275000000015 38412.951000000008 667.33535000000018 596.06920000000014 67861.330000000016 40761.292000000009 11192.092000000002 57112.672000000006 740.83820000000014 716.33780000000013 579.53040000000021 741.8952250000001 62290.474500000004 525.82337000000018 54769.250000000007 25702.570000000003 586.15335000000016 62290.474500000004 35291.328000000001 9623.7595000000019 587.77130000000011 23945.170000000002 726.97750000000008 68398.525000000009 736.6088850000001 20336.906500000005 39565.74700000001 14038.026500000002 74752.952500000014 38353.585000000014 2896.1825000000003 706.27785000000006 617.27359000000013 559.42569000000015 703.83923000000016 72332.070000000022 724.34565000000009 25143.338500000002 618.3025550000001 702.98712000000012 71126.695000000022 609.68677500000013 525.82337000000018 699.74347000000012 751.9386750000001 60985.186500000003 39565.74700000001 0.53631075000000006 4690.9122500000003 466.04538000000008 466.04538000000008 720.7633350000001 28.168609000000004 5.9496533500000011 0.070926242500000014 31515.032500000005 38142.205000000009 55454.020000000004 1974.8700000000001 58680.265000000007
decision_type=2 2 2 2 2 2 2 2 2 2 2 2 2 2 2 2 2 2 2 2 2 2 2 2 2 2 2 2 2 2 2 2 2 2 2 2 2 2 2 2 2 2 2 2 2 2 2 2 2 2 2 2 2 2 2 2 2 2 2 2 2 2 2 2 2 2 2 2 2 2 2 2 2 2 2 2 2 2 2 2 2 2 2 2 2 2 2 2 2 2 2 2 2 2 2 2 2 2 2 2 2 2 2 2 2 2 2 2 2 2 2 2 2 2 2 2 2 2 2 2 2 2 2 2 2 2
left_child=2 5 4 11 14 9 13 20 25 29 35 43 30 44 34 16 39 96 45 57 55 66 71 28 56 52 -25 50 -24 48 73 -18 61 86 84 36 54 78 81 -12 104 -42 51 65 80 109 91 95 85 103 119 -21 93 -54 -5 114 82 121 -51 110 97 118 112 105 -47 125 101 -59 -38 -35 123 107 -50 102 -57 -49 -58 -44 -37 -48 120 -31 -16 -67 115 -2 -29 -40 -75 90 -34 -36 -64 -6 -65 -20 -17 -46 -73 -52 -62 -15 -8 -22 -27 -23 -68 -10 -72 -11 -32 -61 -26 -82 -7 -1 -86 -63 -14 -13 -3 -9 -19 -45 -39 -4
right_child=1 6 3 10 8 7 12 19 22 18 15 27 32 21 24 17 31 122 47 42 49 63 23 26 62 40 -28 33 -30 38 59 -33 89 69 46 37 68 124 87 -41 41 -43 77 70 60 64 79 75 72 58 99 -53 53 -55 -56 74 76 67 -60 111 100 117 92 94 -66 83 106 -69 -70 -71 108 98 -74 88 -76 -77 -78 -79 -80 -81 113 -83 -84 -85 116 -87 -88 -89 -90 -91 -92 -93 -94 -95 -96 -97 -98 -99 -100 -101 -102 -103 -104 -105 -106 -107 -108 -109 -110 -111 -112 -113 -114 -115 -116 -117 -118 -119 -120 -121 -122 -123 -124 -125 -126 -127
leaf_value=-1.2561033775105033 -1.4203271869027714 -1.5983925099727814 -1.2824614470185445 -1.4727253873042256 -1.357119062369561 -1.4967092686129018 -1.6586807722799253 -1.5756721086497631 -1.4013802992783675 -1.511270550297501 -1.51645096107452 -1.390735484717079 -1.7870396630855843 -1.6527053784766044 -1.3241872873378502 -1.5018285604916448 -1.5947326612645376 -1.6402092511869699 -1.5650152695432329 -1.6450702932811248 -1.5433240127919401 -1.7247878550420663 -1.4601895051713853 -1.4248250626152252 -1.369884000595019 -1.3845843617181184 -1.515764293471505 -1.4202587728846592 -1.4964708978122176 -1.4782782310042017 -1.7346023704111222 -1.6371189443620657 -1.7636845388762137 -1.4711534381709663 -1.2998044295050377 -1.4646423409915905 -1.5391070099344528 -1.5653522804537603 -1.5153294420905343 -1.5511003401891479 -1.4359695988805683 -1.3973945944277844 -1.6884198841839975 -1.3518209342042291 -1.6197600206229092 -1.5357539296916718 -1.3243502636255196 -1.5950921329278356 -1.4612201817247528 -1.5770790357102931 -1.4267282896092148 -1.6858847537505599 -1.4053595478852798 -1.3694615721828782 -1.5066809222006561 -1.5185700782983038 -1.3466846798558951 -1.639161927243886 -1.6058905938983059 -1.7866140073363022 -1.6578756737251341 -1.7882776771326261 -1.3867121570693208 -1.7331772956030778 -1.5620227404972826 -1.330292382136689 -1.6699336318505573 -1.6679991577941005 -1.5687063317347358 -1.4943982970852088 -1.3878303739313027 -1.4260347264222195 -1.4907588253760529 -1.6999240249155754 -1.5532927521291642 -1.6224617962998709 -1.3679915543084435 -1.7295433026234155 -1.4949784069740861 -1.3463704204808458 -1.6121957778557385 -1.4995124355507405 -1.3465877809853219 -1.3640211607365407 -1.280680291090559 -1.4510857312606618 -1.4446335333225953 -1.5374899557515744 -1.7437708593676922 -1.8347375483173667 -1.8295900732734212 -1.3181898051942611 -1.4081745297063699 -1.3769593404289759 -1.7743520093928082 -1.5851963072224826 -1.5206649460616286 -1.6500673969032853 -1.4431299734397967 -1.4429303614047329 -1.6886268412136536 -1.6808760237831639 -1.6948807150839995 -1.5681589794375814 -1.3992692540588503 -1.7439070755223698 -1.7084980761474353 -1.4185244354261894 -1.4086682291587 -1.5333071560454075 -1.7613443425061122 -1.8109142620452356 -1.382809528350035 -1.5414964638740707 -1.5181781973772701 -1.2788404995309972 -1.3076648156840012 -1.8078037372687992 -1.7384432115558164 -1.4366611835306577 -1.5480659528789018 -1.6147315283708048 -1.6663337595728185 -1.3748715391316084 -1.6044679034413083 -1.3180094415228951
leaf_weight=2975.0906571149826 3820.5131267979741 409.81333161145449 524.12910240143538 15698.967948630452 10994.52524728328 4199.7153845876455 1778.4286444634199 503.15337525308132 5468.5215942263603 12005.657878674567 28990.241650857031 7920.921142436564 406.45153429359198 2194.8781166821718 14497.060423113406 6258.8985651880503 35998.47841604054 1946.9353047609329 11672.984091281891 8009.7588877603412 5122.548353523016 6124.8330381587148 60269.764903709292 57989.449796631932 9853.6670718938112 13648.903626054525 4997.2175452485681 7403.8833539709449 46450.556775346398 14958.296890921891 1972.3362198248506 29522.597566567361 1733.4735757783055 28140.17320022732 13168.504701018333 17842.226920433342 14058.332949690521 1110.8976513817906 7980.6172103583813 32174.458503574133 49458.377958923578 31157.386487334967 2485.4428613483906 1855.9378896653652 4811.8133647441864 12488.727564185858 9801.4313866943121 10623.17290699482 7440.7634326592088 17936.900991171598 13104.875998064876 27241.085318952799 42394.317245475948 26715.138144426048 18210.307431600988 4232.4140120968223 13906.140427753329 22400.787800185382 25106.8274326846 5910.3783666417003 3191.2025395408273 5007.6639965996146 7480.1463373303413 1544.4388945028186 21162.614800818264 3272.2919922173023 930.25169507414103 7924.822369672358 9065.2656350657344 12623.773885935545 4062.0574171766639 13899.539869822562 14590.188441731036 2409.6278540566564 17426.892931424081 10284.565174028277 19099.00310844183 9269.7697368487716 4509.1747802495956 21293.921624623239 8366.0125808045268 13470.637634083629 10741.952108457685 10129.915173724294 2107.767176873982 10655.64565962553 9868.2946607619524 13413.095563217998 2702.7572798207402 70797.796109944582 8442.5856081023812 14108.844397053123 14526.356134079397 11947.172083854675 7738.5639398172498 8469.8153182715178 44182.151573427022 3640.348749987781 11444.773446075618 12690.875051401556 3714.7944125309587 17113.159813731909 3240.4614225849509 4505.3651867955923 13319.465224340558 9397.0162957906723 9209.9371786862612 15788.717934764922 8031.5320934280753 2988.2268079519272 8172.8391383215785 2771.8498620316386 19553.491647094488 224.6256719827652 5245.928681910038 6057.5191814526916 4255.6986281946301 5775.987678989768 2478.9751050621271 394.60986938327551 1160.2142073512077 10021.585125021636 2215.5103715211153 4416.0210265517235 759.42085164785385 3032.9619832634926
leaf_count=7915 15414 2264 1510 70221 38543 19628 10722 2684 21196 57573 140279 29996 2887 13123 46827 29520 197770 11437 61227 47378 25939 40314 263263 236143 35596 50985 24152 29867 217001 67603 13144 172663 11974 125500 39849 78601 70691 5830 38542 165015 206015 119727 15603 6424 27443 62448 31673 58394 32566 95893 53574 170435 165732 96413 86628 20555 47536 131394 140277 41960 19218 35621 28075 10274 110472 10737 5696 48396 47829 58755 15284 56742 67463 15359 89698 58888 68692 61383 21009 72734 47184 63273 36711 36097 6041 45733 41821 67265 18219 531128 62973 44865 57130 43866 54145 45856 215348 21685 48358 53602 23327 106352 20518 23750 51391 63355 59365 63462 31620 14881 56294 20242 72751 1134 25460 17268 13158 42030 16600 1646 5921 56734 13499 16137 4234 9640
internal_value=-1.51428 -1.64158 -1.44338 -1.5059 -1.40271 -1.57164 -1.76114 -1.61721 -1.42747 -1.52721 -1.54384 -1.42775 -1.80806 -1.68844 -1.34656 -1.56148 -1.57562 -1.52868 -1.56404 -1.66457 -1.56755 -1.71493 -1.45216 -1.45967 -1.36681 -1.40071 -1.43204 -1.45014 -1.47598 -1.48893 -1.74893 -1.61383 -1.82615 -1.46521 -1.31645 -1.50449 -1.51519 -1.47929 -1.5059 -1.53468 -1.41374 -1.42106 -1.68767 -1.36934 -1.6321 -1.54099 -1.32536 -1.59135 -1.46579 -1.58677 -1.42451 -1.67661 -1.38549 -1.39148 -1.49096 -1.53501 -1.34805 -1.63798 -1.59388 -1.77377 -1.65152 -1.78745 -1.38807 -1.74802 -1.55227 -1.34676 -1.68707 -1.6467 -1.55071 -1.47835 -1.39019 -1.4248 -1.48078 -1.70277 -1.54651 -1.60856 -1.35901 -1.72085 -1.47076 -1.33943 -1.60275 -1.48834 -1.33372 -1.35579 -1.28267 -1.44297 -1.43419 -1.52922 -1.7231 -1.83268 -1.81836 -1.30931 -1.40088 -1.36745 -1.7675 -1.5735 -1.51833 -1.63281 -1.43375 -1.4347 -1.67442 -1.67767 -1.68205 -1.55495 -1.39184 -1.73636 -1.70496 -1.41411 -1.40167 -1.51566 -1.75615 -1.79437 -1.37848 -1.61035 -1.50863 -1.27135 -1.29873 -1.79874 -1.74529 -1.39291 -1.5612 -1.61286 -1.65411 -1.36805 -1.58123 -1.31277
internal_weight=1.54042e+06 551032 989387 390016 599370 347659 203374 171633 415944 176026 262544 127472 123602 79771.9 183427 181289 126686 54603.5 89695.8 87856.4 83776.6 54253.1 216309 169707 109658 199635 62986.7 92147.4 106720 86329.8 28958.7 65521.1 94642.9 58036.1 73768.8 81254.6 57032.9 24221.7 49822.6 61164.7 107584 80615.8 47006.1 35324.8 25518.8 48645.2 58372.7 41050.5 36507.1 52671.6 34111.3 35250.8 92051.2 69109.5 33909.3 31105 58244.2 40850.3 43043.7 18827.4 15358.2 13669.1 51413.7 24804.9 33651.3 16959.3 29448.2 30325.6 23123.6 40763.9 18365.5 46601.6 22031 10131.3 21659.3 20907.7 33005.1 11755.2 22351.4 31095.4 10160.7 28428.9 25239 13402.2 15396.1 14476.2 17272.2 21393.7 5112.39 80973.9 10176.1 27277.3 22006.5 22941.7 9283 20142.8 50441.1 8452.16 25344.3 25795.8 6906 19308 5018.89 9627.91 26968.4 15521.8 10140.2 21257.2 12093.6 14993.9 10145.2 8682.23 29407.2 8590.64 9445.64 9032.61 6363.47 10783.7 2885.43 8315.53 1570.03 10524.7 4162.45 6271.96 1870.32 3557.09
internal_count=7425870 3243276 4182594 1852784 2329810 1842805 1400471 975207 1702989 867598 1330574 522210 899671 500800 626821 945531 675727 269804 469739 534007 441200 352624 930317 740559 393318 772672 260295 394761 480264 397859 196458 370433 703213 255943 233503 385043 275369 109674 236683 305294 428118 325742 294799 127449 148176 245374 189121 224365 161176 285859 138818 217813 344554 262145 156849 155341 199766 239208 236170 131640 91673 97138 193552 168088 172920 57984 184536 179790 118520 184255 69465 189758 100029 64818 110253 117282 116228 76986 99610 104407 56503 130876 83538 46834 44382 61147 71688 105807 33578 606075 74947 84714 85205 82409 64419 107083 244868 49128 105100 107176 42545 119475 31240 49689 102376 103669 65061 84658 46904 72454 69438 62202 108347 48318 45088 25183 19199 77651 19487 31642 8185 59418 24936 22561 10064 11150
is_linear=0
shrinkage=1


end of trees

feature_importances:
credit_score=66
annual_income=47
total_income=5
savings_to_loan=2
applicant_age=1
monthly_expenses=1
debt_to_income=1
monthly_surplus=1
income_per_dependent=1
credit_score_bin=1

parameters:
[boosting: gbdt]
[objective: binary]
[metric: binary_logloss,auc]
[tree_learner: serial]
[device_type: cpu]
[data_sample_strategy: bagging]
[data: ]
[valid: ]
[num_iterations: 500]
[learning_rate: 0.1]
[num_leaves: 127]
[num_threads: 16]
[seed: 42]
[deterministic: 0]
[force_col_wise: 0]
[force_row_wise: 0]
[histogram_pool_size: -1]
[max_depth: 7]
[min_data_in_leaf: 20]
[min_sum_hessian_in_leaf: 0.001]
[bagging_fraction: 0.8]
[pos_bagging_fraction: 1]
[neg_bagging_fraction: 1]
[bagging_freq: 0]
[bagging_seed: 400]
[bagging_by_query: 0]
[feature_fraction: 0.8]
[feature_fraction_bynode: 1]
[feature_fraction_seed: 30056]
[extra_trees: 0]
[extra_seed: 12879]
[early_stopping_round: 0]
[early_stopping_min_delta: 0]
[first_metric_only: 0]
[max_delta_step: 0]
[lambda_l1: 0]
[lambda_l2: 0]
[linear_lambda: 0]
[min_gain_to_split: 0]
[drop_rate: 0.1]
[max_drop: 50]
[skip_drop: 0.5]
[xgboost_dart_mode: 0]
[uniform_drop: 0]
[drop_seed: 17869]
[top_rate: 0.2]
[other_rate: 0.1]
[min_data_per_group: 100]
[max_cat_threshold: 32]
[cat_l2: 10]
[cat_smooth: 10]
[max_cat_to_onehot: 4]
[top_k: 20]
[monotone_constraints: ]
[monotone_constraints_method: basic]
[monotone_penalty: 0]
[feature_contri: ]
[forcedsplits_filename: ]
[refit_decay_rate: 0.9]
[cegb_tradeoff: 1]
[cegb_penalty_split: 0]
[cegb_penalty_feature_lazy: ]
[cegb_penalty_feature_coupled: ]
[path_smooth: 0]
[interaction_constraints: ]
[verbosity: -1]
[saved_feature_importance_type: 0]
[use_quantized_grad: 0]
[num_grad_quant_bins: 4]
[quant_train_renew_leaf: 0]
[stochastic_rounding: 1]
[linear_tree: 0]
[max_bin: 255]
[max_bin_by_feature: ]
[min_data_in_bin: 3]
[bin_construct_sample_cnt: 200000]
[data_random_seed: 175]
[is_enable_sparse: 1]
[enable_bundle: 1]
[use_missing: 1]
[zero_as_missing: 0]
[feature_pre_filter: 1]
[pre_partition: 0]
[two_round: 0]
[header: 0]
[label_column: ]
[weight_column: ]
[group_column: ]
[ignore_column: ]
[categorical_feature: ]
[forcedbins_filename: ]
[precise_float_parser: 0]
[parser_config_file: ]
[objective_seed: 16083]
[num_class: 1]
[is_unbalance: 0]
[scale_pos_weight: 6.12491]
[sigmoid: 1]
[boost_from_average: 1]
[reg_sqrt: 0]
[alpha: 0.9]
[fair_c: 1]
[poisson_max_delta_step: 0.7]
[tweedie_variance_power: 1.5]
[lambdarank_truncation_level: 30]
[lambdarank_norm: 1]
[label_gain: ]
[lambdarank_position_bias_regularization: 0]
[eval_at: ]
[multi_error_top_k: 1]
[auc_mu_weights: ]
[num_machines: 1]
[local_listen_port: 12400]
[time_out: 120]
[machine_list_filename: ]
[machines: ]
[gpu_platform_id: -1]
[gpu_device_id: -1]
[gpu_use_dp: 0]
[num_gpu: 1]

end of parameters

pandas_categorical:[]
